eps
-0.00303766
-0.00303766
-0.00303766
-0.00303766
-0.00303766
-0.00303766
-0.00303766
-0.00303766
-0.00303766
-0.00303766
-0.00303766
-0.00303766
-0.00303766
-0.00303766
-0.00303766
-0.00303766
-0.00303766
-0.00303766
-0.00303766
-0.00303766
-0.00303766
-0.00303766
-0.00303766
-0.00303766
-0.00303766
-0.00303766
-0.00303766
-0.00303766
-0.00303766
-0.00303766
-0.00303766
-0.00303766
-0.00303766
-0.00303766
-0.00303766
-0.00303766
-0.00303766
-0.00303766
-0.00303766
-0.00303766
-0.00303766
-0.00303766
-0.00303766
-0.00303766
-0.00303766
-0.00303766
-0.00303766
-0.00303766
-0.00303766
-0.00303766
-0.00303766
-0.00303766
-0.00303766
-0.00303766
-0.00303766
-0.00303766
-0.00303766
-0.00303766
-0.00303766
-0.00303766
-0.00303766
-0.00303766
-0.00303766
-0.00303766
-0.00303766
-0.00303766
-0.00303766
-0.00303766
-0.00303766
-0.00303766
-0.00303766
-0.00303766
-0.00303766
-0.00303766
-0.00303766
-0.00303766
-0.00303766
-0.00303766
-0.00303766
-0.00303766
-0.00303766
-0.00303766
-0.00303766
-0.00303766
-0.00303766
-0.00303766
-0.00303766
-0.00303766
-0.00303766
-0.00303766
-0.00303766
-0.00303766
-0.00303766
-0.00303766
-0.00303766
-0.00303766
-0.00303766
-0.00303766
-0.00303766
-0.00303766
-0.00303766
-0.00303766
-0.00303766
-0.00303766
-0.00303766
-0.00303766
-0.00303766
-0.00303766
-0.00303766
-0.00303766
-0.00303766
-0.00303766
-0.00303766
-0.00303766
-0.00303766
-0.00303766
-0.00303766
-0.00303766
-0.00303766
-0.00303766
-0.00303766
-0.00303766
-0.00303766
-0.00303766
-0.00303766
-0.00303766
-0.00303766
-0.00303766
-0.00303766
-0.00303766
-0.00303766
-0.00303766
-0.00303766
-0.00303766
-0.00303766
-0.00303766
-0.00303766
-0.00303766
-0.00303766
-0.00303766
-0.00303766
-0.00303766
-0.00303766
-0.00303766
-0.00303766
-0.00303766
-0.00303766
-0.00303766
-0.00303766
-0.00303766
-0.00303766
-0.00303766
-0.00303766
-0.00303766
-0.00303766
-0.00303766
-0.00303766
-0.00303766
-0.00303766
-0.00303766
-0.00303766
-0.00303766
-0.00221886
-0.00221886
-0.00221886
-0.00221886
-0.00221886
-0.00221886
-0.00221886
-0.00221886
-0.00221886
-0.00221886
-0.00221886
-0.00221886
-0.00221886
-0.00221886
-0.00221886
-0.00221886
-0.00221886
-0.00221886
-0.00221886
-0.00221886
-0.00221886
-0.00221886
-0.000607729
-0.000607729
-0.000607729
-0.000607729
-0.000607729
-0.000607729
-0.000607729
-0.000607729
-0.000607729
-0.000607729
-0.000607729
-0.000607729
-0.000607729
-0.000607729
-0.000607729
-0.000607729
-0.000607729
-0.000607729
-0.000607729
-0.000607729
-0.000607729
-0.000607729
-0.000607729
-0.000607729
-0.000607729
-0.000607729
-0.000607729
-0.000607729
-0.000607729
-0.000607729
-0.000607729
-0.000607729
-0.000607729
-0.000607729
-0.000607729
-0.000607729
-0.000607729
-0.000607729
-0.000607729
-0.000607729
-0.000607729
-0.000607729
-0.000607729
-0.000607729
-0.000607729
-0.000607729
-0.000607729
-0.000607729
-0.000607729
-0.000607729
-0.000607729
-0.000607729
-0.000607729
-0.000607729
-0.000607729
-0.000607729
-0.000607729
-0.000607729
-0.000607729
-0.000607729
-0.000607729
-0.000607729
-0.000607729
-0.000607729
-0.000607729
-0.000607729
-0.000607729
-0.000607729
-0.000607729
-0.000607729
-0.000607729
-0.000607729
-0.000607729
-0.000607729
-0.000607729
-0.000607729
-0.000607729
-0.000607729
-0.000607729
-0.000607729
-0.000607729
-0.000607729
-0.000607729
-0.000607729
-0.000607729
-0.000607729
-0.000607729
-0.000607729
-0.000607729
-0.000607729
-0.000607729
-0.000607729
-0.000607729
-0.000607729
-0.000607729
-0.00186938
-0.00186938
-0.00186938
-0.00186938
-0.00186938
-0.00186938
-0.000557605
-0.000557605
-0.000557605
-0.000557605
-0.000557605
-0.000557605
-0.000557605
-0.000557605
-0.000557605
-0.000557605
-0.000557605
-0.000557605
-0.000557605
-0.000557605
-0.000557605
-0.000557605
-0.000557605
-0.000557605
-0.000557605
-0.000557605
-0.000557605
-0.000557605
0.000201309
0.000201309
0.000201309
0.000201309
0.000201309
-0.00146339
-0.00146339
-0.00146339
-0.00146339
-0.00146339
-0.00146339
-0.00146339
-0.00146339
-0.00146339
-0.00181997
-0.00181997
-0.00181997
-0.00181997
-0.00181997
-0.00181997
-0.00115646
6.67891e-06
6.67891e-06
6.67891e-06
6.67891e-06
6.67891e-06
6.67891e-06
6.67891e-06
6.67891e-06
6.67891e-06
6.67891e-06
6.67891e-06
6.67891e-06
6.67891e-06
6.67891e-06
6.67891e-06
6.67891e-06
6.67891e-06
6.67891e-06
6.67891e-06
6.67891e-06
6.67891e-06
6.67891e-06
6.67891e-06
6.67891e-06
6.67891e-06
-0.00195084
-0.00195084
-0.00195084
-0.00195084
-0.00195084
-0.00195084
-0.00195084
-0.00195084
-0.00195084
-0.00195084
-0.00195084
-0.00195084
-0.00195084
-0.00195084
-0.00195084
-0.00195084
-0.00195084
-0.00195084
-0.00195084
-0.00195084
-0.00195084
-0.00195084
-0.00195084
-0.00195084
-0.00195084
-0.00359272
-0.00359272
-0.00359272
-0.00359272
-0.00396837
-0.00396837
-0.00396837
-0.00396837
-0.00396837
-0.00396837
-0.00396837
-0.00396837
-0.00396837
-0.00396837
-0.00396837
-0.00448731
-0.00448731
-0.00448731
-0.00448731
-0.00448731
-0.00448731
-0.00448731
-0.00448731
-0.00448731
-0.00448731
-0.00448731
-0.00204258
-0.00204258
-0.00204258
-0.00204258
-0.00204258
-0.00275365
-0.00275365
-0.00275365
-0.00275365
-0.00275365
-0.00275365
-0.00275365
-0.00275365
-0.00275365
-0.00275365
-0.00275365
-0.00275365
-0.00275365
-0.00275365
-0.00275365
-0.00275365
-0.00275365
-0.00275365
-0.00275365
-0.00275365
-0.00275365
-0.00275365
-0.00275365
-0.00275365
-0.00275365
-0.00275365
-0.00275365
-0.00275365
-0.00275365
-0.00275365
-0.00275365
-0.00441882
-0.00441882
-0.00441882
-0.00441882
-0.00441882
-0.00441882
-0.00441882
-0.00441882
-0.00441882
-0.00441882
-0.00441882
-0.00441882
-0.00441882
-0.00441882
-0.00441882
-0.00441882
-0.00441882
-0.00441882
-0.00441882
-0.0045176
-0.0045176
-0.0045176
-0.0045176
-0.0045176
-0.0045176
-0.0045176
-0.0045176
-0.0045176
-0.0045176
-0.0045176
-0.0045176
-0.0045176
-0.0045176
-0.0045176
-0.004692
-0.004692
-0.004692
-0.004692
-0.004692
-0.004692
-0.004692
-0.004692
-0.004692
-0.004692
-0.00446318
-0.00446318
-0.00592282
-0.00536485
-0.00536485
-0.00536485
-0.00536485
-0.00536485
-0.00536485
-0.00536485
-0.00536485
-0.00536485
-0.00536485
-0.00536485
-0.00536485
-0.00536485
-0.00536485
-0.00536485
-0.00536485
-0.00536485
-0.00536485
-0.00536485
-0.00536485
-0.00536485
-0.00536485
-0.00536485
-0.00536485
-0.00536485
-0.00536485
-0.00536485
-0.00536485
-0.00536485
-0.00536485
-0.00536485
-0.00536485
-0.00536485
-0.00536485
-0.00536485
-0.00536485
-0.00536485
-0.00536485
-0.00536485
-0.00397541
-0.00397541
-0.00397541
-0.00397541
-0.00397541
-0.00397541
-0.00397541
-0.00397541
-0.00397541
-0.00397541
-0.00397541
-0.00397541
-0.00397541
-0.00397541
-0.00397541
-0.00397541
-0.00397541
-0.00397541
-0.00397541
-0.00397541
-0.00397541
-0.00397541
-0.00397541
-0.00397541
-0.00397541
-0.00397541
-0.00397541
-0.00397541
-0.00397541
-0.00411237
-0.00411237
-0.00411237
-0.00285908
-0.00285908
-0.00285908
-0.00285908
-0.00285908
-0.00285908
-0.00285908
-0.00285908
-0.00285908
-0.00285908
-0.00285908
-0.00285908
-0.00285908
-0.00285908
-0.00139277
-0.00139277
-0.00139277
-0.00139277
-0.00139277
-0.00139277
-0.00139277
-0.00139277
-0.00139277
-0.00139277
-0.00139277
-0.00139277
-0.00139277
-0.00139277
-0.00139277
-0.00139277
-0.00139277
-0.00139277
-0.00223053
-0.00223053
-0.00223053
-0.00223053
-0.00223053
-0.00223053
-0.00344909
-0.00344909
-0.00344909
-0.00344909
-0.00362282
-0.00362282
-0.00362282
-0.00362282
-0.00362282
-0.00362282
-0.00362282
-0.00362282
-0.00362282
-0.00362282
-0.00362282
-0.00362282
-0.00362282
-0.00362282
-0.00362282
-0.00378161
-0.00378161
-0.00378161
-0.00378161
-0.00378161
-0.00378161
-0.00378161
-0.00378161
-0.00378161
-0.00378161
-0.00378161
-0.00411294
-0.00411294
-0.00411294
-0.00378095
-0.00378095
-0.00378095
-0.00378095
-0.00378095
-0.00378095
-0.00378095
-0.00365154
-0.00365154
-0.00365154
-0.00365154
-0.00365154
-0.00365154
-0.00365154
-0.00365154
-0.00130304
-0.00130304
-0.00130304
-0.000942668
-0.000942668
-0.000942668
-0.000942668
-0.000942668
-0.000942668
-0.000942668
-0.000942668
-0.000942668
-0.000942668
-0.000942668
-0.000942668
-0.000939524
-0.00176008
-0.00176008
-0.00176008
-0.00176008
-0.00176008
-0.00176008
-0.00176008
-0.00176008
-0.00176008
-0.00256168
-0.00256168
-0.00256168
-0.00256168
-0.00256168
-0.00256168
-0.00256168
-0.00256168
-0.00256168
-0.00256168
-0.00256168
-0.00256168
-0.00256168
-0.00256168
-0.00256168
-0.00256168
-0.00256168
-0.00256168
-0.00256168
-0.00256168
-0.00256168
-0.00256168
-0.00256168
-0.00346249
-0.00346249
-0.00346249
-0.00346249
-0.00346249
-0.00346249
-0.00346249
-0.00346249
-0.00346249
-0.00346249
-0.00346249
-0.00346249
-0.00346249
-0.00346249
-0.00346249
-0.00346249
-0.00346249
-0.00346249
-0.00346249
-0.00346249
-0.00346249
-0.00346249
-0.00346249
-0.00346249
-0.00313838
-0.00313838
-0.00313838
-0.00313838
-0.00313838
-0.00313838
-0.00313838
-0.00313838
-0.00313838
-0.00313838
-0.00313838
-0.00313838
-0.00313838
-0.00313838
-0.00313838
-0.00370763
-0.00370763
-0.00370763
-0.00370763
-0.00370763
-0.00370763
-0.00266278
-0.00266278
-0.00266278
-0.00266278
-0.00266278
-0.00266278
-0.00266278
-0.00266278
-0.00266278
-0.00266278
-0.00266278
-0.00266278
-0.00266278
-0.00266278
-0.00266278
-0.00266278
-0.00266278
-0.00266278
-0.00266278
-0.00227569
-0.00227569
-0.00199141
-0.00199141
-0.00288803
-0.00289116
-0.00289116
-0.00289116
-0.00289116
-0.00289116
-0.00289116
-0.00289116
-0.00289116
-0.00289116
-0.00289116
-0.00258647
-0.00258647
-0.00258647
-0.00258647
-0.00258647
-0.00258647
-0.00258647
-0.00258647
-0.00258647
-0.00258647
-0.00343954
-0.00343954
-0.00343954
-0.00343954
-0.00343954
-0.00343954
-0.00343954
-0.00343954
-0.00343954
-0.00343954
-0.00343954
-0.00343954
-0.00343954
-0.00343954
-0.00343954
-0.00343954
-0.00343954
-0.00343954
-0.00321737
-0.00321737
-0.00386383
-0.00386383
-0.00386383
-0.00386383
-0.00380514
-0.00380514
-0.00380514
-0.00342589
-0.00342589
-0.00342589
-0.00342589
-0.00342589
-0.00342589
-0.00385306
-0.00385306
-0.00385306
-0.00397237
-0.00397237
-0.00344523
-0.00344523
-0.00344523
-0.00344523
-0.00344523
-0.00344523
-0.00344523
-0.00344523
-0.00344523
-0.00344523
-0.00344523
-0.0036042
-0.0036042
-0.0036042
-0.0036042
-0.0036042
-0.0036042
-0.0036042
-0.0036042
-0.0036042
-0.0026945
-0.00231787
-0.00231787
-0.00216242
-0.00216242
-0.00216242
-0.00216242
-0.00216242
-0.00216242
-0.00216242
-0.00216242
-0.00216242
-0.00216242
-0.00181422
-0.000987513
-0.000987513
-0.000987513
-0.000987513
-0.000987513
-0.00169158
-0.000965943
-0.000965943
-0.000587508
-0.000587508
5.97146e-05
-0.00117894
-0.00183646
-0.00166727
-0.00166727
-0.0020388
-0.0020388
-0.0020388
-0.0020388
-0.0020388
-0.00178267
-0.00178267
-0.00178267
-0.00178267
-0.00137131
-0.00137131
-0.00128235
-0.00128235
-0.00128235
-0.00128235
-0.00128235
-0.00128235
-0.00128235
-0.00128235
-0.00128235
-0.00128235
-0.00128235
-0.00128235
-0.00128235
-0.00153155
-0.00153155
-0.00153155
-0.00153155
-0.00215874
-0.00215874
-0.00215874
-0.00215874
-0.00269034
-0.00269034
-0.00269034
-0.00269034
-0.00246321
-0.00246321
-0.00246321
-0.00292674
-0.00189753
-0.00123251
-0.00123251
-0.00189919
-0.00189919
-0.00189919
-0.00189919
-0.00189919
-0.00189919
-0.00189919
-0.00189919
-0.00189919
-0.00189919
-0.00189919
-0.00189919
-0.000535707
-0.000535707
-0.000535707
-0.000535707
-0.000535707
-0.000535707
0.000744588
0.000744588
0.000744588
0.000744588
0.000435239
0.000592716
0.000592716
0.000592716
0.000592716
0.000592716
0.000592716
0.000592716
0.000592716
0.000592716
0.000592716
0.000592716
0.000592716
0.000592716
-1.76333e-05
-1.76333e-05
-0.000341068
-0.000341068
-0.00127906
-0.00127906
-0.00193192
-0.00180999
-0.00202026
-0.00202026
-0.00274202
-0.00274202
-0.00274202
-0.00274202
-0.00274202
-0.00274202
-0.00264489
-0.00235106
-0.00275105
-0.00275105
-0.00275105
-0.00259856
-0.00259856
-0.00259856
-0.00286285
-0.00286285
-0.00286285
-0.00286285
-0.00286285
-0.00287323
-0.00287323
-0.00350005
-0.00378623
-0.0036917
-0.0036917
-0.00396853
-0.00396853
-0.00347336
-0.00369001
-0.00369001
-0.0043595
-0.0043595
-0.0043595
-0.0043595
-0.00427709
-0.00361521
-0.00361521
-0.00361521
-0.00361521
-0.00361521
-0.00385622
-0.00362447
-0.00362447
-0.00362447
-0.00362447
-0.00417963
-0.0048065
-0.0048065
-0.0048065
-0.0048065
-0.00438775
-0.00438775
-0.00438775
-0.0049354
-0.0049354
-0.0049354
-0.0049354
-0.0049354
-0.0049354
-0.0049354
-0.0049354
-0.0049354
-0.0049354
-0.0049354
-0.0049354
-0.0049354
-0.0049354
-0.0049354
-0.00522189
-0.00513407
-0.00550304
-0.00550304
-0.00550304
-0.00550304
-0.00550304
-0.00550304
-0.00550304
-0.00569534
-0.00569534
-0.00569534
-0.00569534
-0.00569534
-0.00569534
-0.00479004
-0.00479004
-0.00479004
-0.00479004
-0.00479004
-0.00426367
-0.00426367
-0.00430593
-0.00420493
-0.00420493
-0.00420493
-0.00420493
-0.00466829
-0.00466829
-0.00466829
-0.00466829
-0.00466829
-0.00466829
-0.00466829
-0.00466829
-0.00466829
-0.00466829
-0.00456586
-0.00456586
-0.00518552
-0.00528681
-0.00528681
-0.00602565
-0.00569321
-0.00608503
-0.00608503
-0.00608503
-0.00608503
-0.00578599
-0.00578599
-0.00578599
-0.00578599
-0.00578599
-0.0059643
-0.0059643
-0.00580438
-0.00580438
-0.00580438
-0.00580438
-0.00580438
-0.00580438
-0.00532673
-0.00532673
-0.00532673
-0.00532673
-0.00525189
-0.00572973
-0.00572973
-0.005663
-0.005663
-0.005663
-0.005663
-0.005663
-0.005663
-0.005663
-0.00555497
-0.00555497
-0.00529291
-0.00529291
-0.00524366
-0.00524366
-0.00524366
-0.00524366
-0.0054504
-0.0054504
-0.00512559
-0.00512559
-0.00512559
-0.00512559
-0.00475716
-0.00443077
-0.00479389
-0.00518584
-0.00518584
-0.00518584
-0.00518584
-0.00518584
-0.00518584
-0.00602376
-0.00619432
-0.0062163
-0.00584138
-0.00584138
-0.00584138
-0.00584138
-0.00584138
-0.00584138
-0.00580706
-0.00580706
-0.00580706
-0.00573743
-0.00573743
-0.00584839
-0.00584839
-0.00584839
-0.00516372
-0.00491601
-0.00491601
-0.00491601
-0.00491601
-0.00491601
-0.00500954
-0.00500954
-0.00500954
-0.00517406
-0.00435875
-0.00435875
-0.00435875
-0.00435875
-0.00435875
-0.00435875
-0.00466736
-0.0051275
-0.00527112
-0.00527112
-0.00527112
-0.00532511
-0.00514018
-0.00492978
-0.00412575
-0.00412575
-0.00412575
-0.00412575
-0.00404185
-0.00404185
-0.0041419
-0.00391458
-0.00391458
-0.00391458
-0.00411704
-0.00411704
-0.00434497
-0.00396188
-0.00365697
-0.00406383
-0.00406383
-0.00440021
-0.00440021
-0.00440021
-0.00402758
-0.00364375
-0.00364375
-0.00364375
-0.00360357
-0.00389018
-0.00389018
-0.00394397
-0.00395428
-0.00395428
-0.00395428
-0.00395428
-0.00395428
-0.00369893
-0.00369893
-0.00369893
-0.00369893
-0.00369893
-0.00369893
-0.00371137
-0.00371137
-0.00371137
-0.00371137
-0.00407964
-0.00407964
-0.00407964
-0.00407964
-0.00424342
-0.00424342
-0.00424342
-0.00417922
-0.00445435
-0.00457143
-0.00457143
-0.00457143
-0.00457143
-0.00457143
-0.00457143
-0.00471571
-0.00461478
-0.00461478
-0.00477974
-0.00477974
-0.00477974
-0.00411526
-0.00411526
-0.00411526
-0.00411526
-0.00411526
-0.00431825
-0.0041323
-0.0041323
-0.0041323
-0.00366002
-0.00366002
-0.00366002
-0.0035837
-0.0034329
-0.0034329
-0.0034329
-0.0034329
-0.0034329
-0.0034329
-0.00370533
-0.00370533
-0.00370533
-0.00357964
-0.00357964
-0.00357964
-0.00357964
-0.00399483
-0.00399483
-0.00399483
-0.00399483
-0.00381738
-0.00358962
-0.00358962
-0.00392565
-0.00392565
-0.00392565
-0.00392565
-0.00350754
-0.00353978
-0.00353978
-0.00343289
-0.00336174
-0.00336174
-0.00336174
-0.00358817
-0.00358817
-0.00358723
-0.00358723
-0.00358723
-0.00358723
-0.00358723
-0.00342616
-0.00342616
-0.00342616
-0.00342616
-0.00342616
-0.00342616
-0.00306375
-0.00306375
-0.00306375
-0.00333006
-0.00333006
-0.00313381
-0.00313381
-0.00313381
-0.00313381
-0.00358621
-0.00358621
-0.00358621
-0.00342429
-0.00346445
-0.00346445
-0.00346445
-0.00346445
-0.00347596
-0.00347596
-0.00333459
-0.00327618
-0.00333257
-0.00333257
-0.00333257
-0.00346387
-0.00346387
-0.00346387
-0.00239489
-0.00226954
-0.00204326
-0.00226579
-0.00226579
-0.00219734
-0.00207297
-0.00207297
-0.00207297
-0.00192193
-0.00193277
-0.00193277
-0.0020281
-0.00231844
-0.00231844
-0.00223101
-0.00177626
-0.00177626
-0.00200371
-0.00187601
-0.00213644
-0.00247496
-0.00213884
-0.00213884
-0.00213884
-0.00213884
-0.00213884
-0.0022663
-0.00229004
-0.00306981
-0.00332271
-0.00357694
-0.00385738
-0.00385738
-0.00385738
-0.00408191
-0.00408955
-0.00395691
-0.00395691
-0.00395691
-0.0036193
-0.00349665
-0.00349665
-0.00364667
-0.00364667
-0.00364667
-0.003493
-0.00338484
-0.00342154
-0.00343133
-0.00401614
-0.00401614
-0.00401614
-0.00401614
-0.00401614
-0.00401614
-0.00448234
-0.0043008
-0.00436376
-0.00440097
-0.00426923
-0.00454273
-0.0039969
-0.00396806
-0.00396806
-0.00396806
-0.00396806
-0.00446221
-0.00446221
-0.00482982
-0.00500129
-0.00465134
-0.00433379
-0.00433379
-0.00433379
-0.00414235
-0.00414235
-0.00424641
-0.00420175
-0.00420175
-0.00420175
-0.00426328
-0.00432563
-0.00432563
-0.00435954
-0.00435954
-0.00435954
-0.00436493
-0.00436493
-0.00436493
-0.00430036
-0.00430036
-0.00430036
-0.00446351
-0.00439252
-0.00439252
-0.00456412
-0.00456412
-0.00437242
-0.0041622
-0.0041622
-0.0042474
-0.00401802
-0.00436232
-0.00476085
-0.00476085
-0.00454685
-0.00454685
-0.00448299
-0.00448299
-0.00452597
-0.00456594
-0.00438939
-0.00439204
-0.00457073
-0.00407626
-0.00407626
-0.00409179
-0.00409179
-0.00409179
-0.00391625
-0.00391625
-0.00368772
-0.00368772
-0.00349784
-0.00349784
-0.00342696
-0.00342696
-0.00341144
-0.00341144
-0.00346569
-0.00366462
-0.00366462
-0.00384773
-0.00395477
-0.00395477
-0.00411649
-0.00411649
-0.00350236
-0.00350236
-0.00341103
-0.00335194
-0.00335194
-0.00369113
-0.00376671
-0.00349541
-0.00368938
-0.00363496
-0.00363496
-0.00348604
-0.00348604
-0.00364585
-0.00364585
-0.00365814
-0.00365814
-0.00397185
-0.00391092
-0.00387419
-0.00433288
-0.00433288
-0.00443041
-0.00443041
-0.00443041
-0.00443041
-0.0040906
-0.00408479
-0.00408479
-0.00408479
-0.00383229
-0.00363472
-0.00366179
-0.00327527
-0.00316887
-0.00316887
-0.00325745
-0.00286472
-0.00241254
-0.0025227
-0.00292261
-0.00292261
-0.00319756
-0.0029035
-0.00293191
-0.00306114
-0.00323354
-0.00351495
-0.00351495
-0.00339799
-0.0029414
-0.00273341
-0.00273341
-0.00273341
-0.00238989
-0.00225884
-0.00223938
-0.00223938
-0.00219349
-0.00232342
-0.00210457
-0.00210457
-0.00194112
-0.00201514
-0.00173997
-0.00173997
-0.00150357
-0.00132256
-0.00133359
-0.00133359
-0.00119004
-0.00109922
-0.00109922
-0.000845726
-0.000950614
-0.000950614
-0.000985999
-0.000985999
-0.000985999
-0.000877924
-0.000877924
-0.000690358
-0.000708913
-0.000708913
-0.000780006
-0.000780006
-0.000591382
-0.000647789
-0.000705339
-0.000705339
-0.000705339
-0.000855053
-0.000820379
-0.000820379
-0.000820379
-0.000753123
-0.000753123
-0.000667871
-0.00110023
-0.00114335
-0.00114335
-0.000999815
-0.000999815
-0.000912806
-0.000944234
-0.000690035
-0.000668502
-0.000668502
-0.000968737
-0.000979191
-0.00103618
-0.000970425
-0.000509825
-0.000509825
-0.000509825
-0.000239205
0.000119491
0.000165307
0.000277716
0.000252481
1.4376e-05
1.4376e-05
1.4376e-05
-8.32846e-05
-0.000335649
-0.000335649
-0.000738756
-0.000692205
-0.000726317
-0.000539342
-0.000645745
-0.000848368
-0.000848368
-0.000771618
-0.000676386
-0.000676386
-0.000534095
-0.000571697
-0.000678073
-0.0007834
-0.0007834
-0.00101112
-0.00101112
-0.000968491
-0.00112243
-0.000676625
-0.000662775
-0.00058305
-0.00056861
-0.000767433
-0.000734143
-0.000734143
-0.00114333
-0.000987896
-0.000987896
-0.0011784
-0.00114009
-0.00108047
-0.00111132
-0.00123108
-0.00142589
-0.00152734
-0.00152734
-0.0015146
-0.00116316
-0.00116316
-0.00116316
-0.00116316
-0.000730208
-0.000762654
-0.000743364
-0.000743364
-0.000704866
-0.000460319
-0.000434493
-0.000228038
-0.000278546
-0.000155474
-0.000220853
-0.000448704
-0.000516771
-0.000527641
-0.000654044
-0.000396583
-7.62799e-05
-0.000257248
-0.000144107
-0.000144107
-0.000144107
-0.000377964
-0.000345781
-0.000158539
-0.000266806
-0.000266806
-0.000108032
0.000260335
4.02835e-05
0.000234386
0.000234386
0.000234386
0.000227729
0.000227729
8.91508e-05
0.000495848
0.000495848
0.000495848
0.000495848
0.000454566
0.000454566
0.000401781
0.000416614
0.000368411
0.000341745
0.000341745
0.000576021
0.000576021
0.000514586
0.00050572
0.000752594
0.000871168
0.000970536
0.00107101
0.0011
0.00159534
0.00145351
0.00136758
0.00136758
0.00146797
0.00155842
0.00159149
0.00158894
0.00164128
0.00167253
0.00167253
0.00167253
0.00178582
0.00188462
0.00187902
0.00195395
0.00202242
0.00203693
0.00203693
0.00204143
0.00174367
0.00166324
0.00151394
0.00153204
0.00135005
0.00117721
0.00131755
0.00134411
0.00142398
0.00149024
0.00149024
0.00148596
0.0012462
0.00107027
0.00128423
0.00131325
0.00153383
0.0016691
0.00150481
0.00160003
0.00156776
0.00151444
0.0013851
0.0013851
0.00128942
0.00166426
0.00166426
0.00168355
0.0014338
0.0014338
0.0014338
0.00173667
0.00151647
0.00151647
0.00160482
0.00154819
0.00154819
0.00140878
0.00139239
0.00139239
0.00157575
0.00143954
0.00170782
0.00197717
0.00207308
0.00206101
0.00226763
0.00225398
0.00218627
0.00247327
0.00247327
0.00166122
0.00151388
0.00151388
0.00151388
0.00164979
0.00176798
0.00202261
0.00210481
0.0019155
0.0019155
0.0019155
0.0019155
0.0019155
0.0019155
0.00187961
0.0019826
0.0019826
0.00158279
0.00151745
0.00151745
0.00190824
0.00166728
0.00183711
0.0017887
0.0017887
0.00203054
0.00195463
0.00208999
0.00205476
0.00208973
0.00235968
0.00240907
0.00276288
0.00262419
0.00272444
0.00286172
0.00286172
0.002873
0.0028527
0.00268418
0.00268418
0.00280402
0.00255186
0.00237853
0.00240849
0.00242413
0.00211715
0.00211715
0.00190012
0.00193199
0.00191388
0.00157586
0.00157586
0.00143124
0.00143124
0.0015088
0.0015088
0.00159536
0.00159536
0.00101909
0.0011876
0.00122178
0.0011634
0.00110497
0.00101154
0.00101154
0.00091712
0.000954447
0.000954447
0.00112224
0.00134019
0.00112964
0.000705599
0.000645704
0.000731078
0.000719136
0.000719136
0.000719136
0.00069669
0.000810474
0.000790414
0.000790414
0.000579443
0.000579443
0.000352529
0.000352529
0.000352529
0.000640114
0.000491423
0.000279492
0.000464924
0.000349767
0.000534822
0.000534822
0.000608904
0.000250068
-4.49471e-06
-0.000113228
-0.000705837
-0.00102429
-0.00107756
-0.00107756
-0.00111373
-0.00104222
-0.00124468
-0.00137711
-0.00122384
-0.00122384
-0.00134543
-0.00123301
-0.00130355
-0.00131463
-0.00113857
-0.00126495
-0.000928213
-0.0010566
-0.00106432
-0.000571289
-0.00066594
-0.000705198
-0.000702831
-0.000876213
-0.000940413
-0.000751162
-0.000751162
-0.000502706
-0.000646013
-0.000605593
-0.000894491
-0.000669919
-0.000619335
-0.000708951
-0.000837205
-0.000627865
-0.00053512
-0.000649445
-0.000678441
-0.000678441
-0.000678441
-0.000678441
-0.000678441
-0.000678441
-0.000493465
-0.000493465
-0.000603613
-0.000556519
-0.000447413
-0.000611021
-0.000710215
-0.000709279
-0.00081761
-0.000376766
-0.000409591
-0.000578689
-0.000396746
-0.000646532
-0.000364039
-0.000403315
-0.000403315
-0.000395336
-0.000686732
-0.00055183
-0.000343752
-0.000343752
-0.000277174
-9.94902e-05
-4.15349e-05
0.000287183
3.27036e-06
-2.02225e-05
-0.000121711
-6.03893e-05
9.73724e-05
9.73724e-05
0.000246559
-8.31498e-05
-9.45126e-05
-4.38433e-05
-0.000245029
-0.000245029
-0.000435859
-0.00053036
-0.000385489
-0.000394835
-0.000186365
-0.000441592
-0.000426529
-0.00046808
-0.0004475
-0.00046111
-0.000300726
-0.000233571
-0.000348073
-0.000501172
-0.000720766
-0.00075045
-0.000501514
-0.000393329
-0.000393329
-6.67383e-05
0.000135613
0.000200635
0.000352978
0.000352978
0.000439282
0.000534163
0.000534163
0.000567112
0.000727173
0.00138095
0.00146924
0.00157067
0.00175426
0.00186869
0.00176337
0.00207191
0.00190458
0.00193213
0.0020107
0.00233587
0.00222763
0.00229507
0.00238507
0.00233679
0.00233765
0.00230659
0.00218286
0.00211876
0.00233156
0.00233474
0.00224162
0.00206148
0.00216102
0.00216102
0.00207945
0.0021427
0.00200885
0.00177929
0.00177929
0.00162627
0.00199149
0.00199149
0.00199149
0.00192058
0.00164695
0.00164695
0.00156115
0.00177551
0.00192815
0.00181537
0.00181344
0.00181344
0.00187621
0.00195909
0.00232851
0.00214222
0.00223932
0.00221053
0.00209734
0.00209734
0.00238927
0.0024045
0.00222489
0.00222489
0.0021791
0.00209451
0.00231637
0.00229879
0.00233911
0.00234712
0.00251853
0.00238969
0.002592
0.002592
0.00271528
0.00258413
0.00252389
0.00249
0.00228048
0.00251322
0.00216246
0.00216246
0.00216246
0.00216246
0.0018826
0.00202334
0.00218682
0.00218682
0.00220812
0.0022811
0.0023253
0.0019036
0.0019036
0.00169281
0.00172898
0.00191447
0.00179429
0.00162686
0.00162686
0.00136401
0.00155649
0.00139073
0.00155706
0.00143899
0.00115453
0.00115453
0.00138814
0.00138814
0.00145393
0.00138071
0.00127572
0.00122391
0.00122391
0.00128613
0.00132016
0.00118514
0.00128541
0.00136011
0.00136011
0.000982541
0.000982541
0.000982541
0.00114274
0.00142021
0.0012848
0.000945383
0.000800321
0.000800321
0.000800321
0.000800321
0.000800321
0.000602354
0.000663545
0.000663545
0.000663545
0.000639983
0.00072442
0.00012283
0.000384694
0.000610492
0.000406094
0.00048689
0.00048689
0.000430746
0.000691606
0.000691606
0.000915599
0.00100629
0.000927981
0.000912714
0.000912714
0.00077806
0.00062334
0.00062334
0.000774922
0.000544703
0.000547603
0.000547603
0.000641389
0.00056308
0.000551416
0.000601187
0.000752368
0.000891057
0.000891057
0.000845563
0.000776954
0.000716417
0.0004873
0.000497384
0.000497384
0.000128777
0.000156131
0.000156131
0.00028075
0.000372257
0.000209199
0.000379785
0.000372755
0.000211532
0.000318957
0.000282105
0.000282105
0.000159247
0.000287241
0.000287241
0.000287241
0.000287241
0.000218099
5.75963e-05
5.75963e-05
5.75963e-05
-1.53247e-05
-3.24433e-05
0.000274377
0.000223743
0.000223743
0.000458133
0.000458133
0.000482451
0.000482451
0.000514337
0.000513462
0.000513462
0.000355953
0.000355953
0.000416828
0.000187382
0.000238374
0.000238374
8.2101e-05
-1.56689e-05
5.17356e-05
5.17356e-05
-1.08697e-05
2.70893e-05
2.70893e-05
2.70893e-05
2.70893e-05
6.32239e-05
-8.22213e-05
-9.47145e-05
-9.47145e-05
0.000104645
0.000104645
0.000193287
0.000194437
0.000144244
5.08379e-05
0.000321588
0.000321588
0.000105319
0.000377296
0.000377296
0.000377296
0.000130737
0.000212227
8.66144e-05
0.000168987
0.000432741
0.00051537
0.00054247
0.000637335
0.000469793
0.000469793
0.000471825
0.000546284
0.00029763
0.000361794
0.000165138
0.000274013
0.000274013
0.000401334
0.000513946
0.000513946
0.000334588
0.000334588
0.000334588
0.000466489
0.00053365
0.000353067
0.000202331
0.000202331
0.000266389
0.000226946
0.0004507
0.00032939
0.00032939
0.00032939
0.000362137
3.08385e-05
3.08385e-05
3.08385e-05
4.18502e-05
5.91477e-05
5.91477e-05
5.91477e-05
0.000237976
3.86148e-05
8.00435e-05
8.00435e-05
-0.000336802
-0.000160845
-0.00027927
-0.000373321
-0.000452897
-0.00056227
-0.000732379
-0.000732379
-0.000632949
-0.000320851
-0.000224879
-3.25354e-05
1.27664e-05
6.97792e-05
0.000199914
-8.32399e-06
6.49124e-05
4.01534e-05
-7.71984e-05
-0.000140929
-0.000327808
-0.000339283
-0.000232991
-0.000232991
-0.000462733
-0.00029181
-0.000251572
-0.000293263
-0.000293263
-0.000293263
-0.000200575
-0.000181252
-0.000181252
-0.000181252
-0.000181252
-5.78656e-05
-4.98968e-05
-0.000306446
-0.000306446
-0.000264486
-0.000316723
-0.000237289
-0.000286374
-0.0002971
-0.000257545
-0.000257545
-0.000146177
-2.89253e-05
0.000208756
6.90097e-05
6.90097e-05
6.90097e-05
5.85164e-05
-2.88632e-05
-2.88632e-05
-1.09835e-05
-0.00010888
-0.000156882
-0.000156882
-0.000227061
-0.000227061
-0.000261503
-0.000261503
-0.000261503
-0.000164151
-0.000164151
-0.000113776
-0.000435571
-0.000435571
-0.00041586
-0.000475522
-0.000570418
-0.000640975
-0.00050577
-0.000685833
-0.000564924
-0.000496285
-0.000531095
-0.000446164
-0.000626992
-0.000697903
-0.000680095
-0.000680095
-0.00064546
-0.000512612
-0.00055742
-0.000701588
-0.000840456
-0.000824208
-0.000824208
-0.000578843
-0.000376682
-0.000406229
-0.000406229
-0.00049892
-0.000734721
-0.000526035
-0.000519152
-0.000398436
-0.000288217
-0.000262653
-0.000147529
-0.000134627
-0.00011718
-0.00011718
-6.76906e-05
0.00021457
0.00021457
0.00021457
0.000287587
0.000320862
0.000320862
0.000320862
4.73372e-05
0.000148599
0.000199476
0.000109301
1.46594e-06
-0.000369086
-0.00026941
-0.000253268
-0.000192941
7.14753e-05
7.14753e-05
-4.30807e-05
9.9819e-05
0.000230648
0.000320392
0.000320392
0.000599729
0.000364856
0.000395543
0.000458233
-0.000195435
0.000313096
0.000299774
0.000460634
0.000460634
0.000376156
0.00033371
0.000308369
6.11428e-05
0.000132299
0.000132299
0.000153652
0.000345887
0.000252619
0.000294792
0.000294792
0.000348803
0.000453742
0.000348823
0.000392328
0.000704786
0.000850483
0.000791541
0.000752591
0.000752591
0.000782083
0.000744993
0.000781533
0.00103573
0.00103633
0.00103633
0.000927227
0.00101128
0.00101128
0.00101128
0.00101128
0.00116589
0.00114411
0.00102304
0.000840376
0.000840376
0.000766558
0.000580474
0.000580474
0.000580474
0.000580539
0.00116801
0.00123805
0.000871513
0.000871513
0.000945658
0.000939352
0.000943479
0.000900263
0.00106673
0.00106673
0.000992297
0.000931384
0.000912406
0.000840699
0.000840699
0.000884229
0.000830991
0.000513427
0.000286674
0.000537423
0.000638098
0.000547591
0.000653952
0.000825334
0.000627353
0.000627353
0.000588215
0.000609771
0.000779836
0.00085402
0.000907913
0.00087252
0.000789774
0.000789774
0.000677425
0.0008253
0.000749835
0.000749835
0.000995846
0.00105924
0.00102835
0.00100402
0.00102971
0.00110791
0.00110223
0.00132765
0.00132765
0.00153736
0.00148428
0.000982582
0.000982582
0.00101042
0.00105272
0.000926725
0.000926725
0.000926725
0.000752542
0.000752542
0.000624948
0.000396015
0.000335581
3.45827e-05
0.000189137
0.000622058
0.000404815
0.000404815
0.000404815
0.000129396
0.000115069
0.000115069
0.000115069
0.000115069
0.000170161
0.000375767
0.000375767
0.000375767
0.000261912
0.000378169
0.000201711
0.000101859
1.3644e-05
1.3644e-05
0.000124851
0.000124851
0.000182104
0.00024012
2.11986e-05
2.11986e-05
-5.02181e-05
-5.02181e-05
-5.02181e-05
0.000172978
0.000172978
0.000357978
0.000111226
0.000244062
0.000244062
0.000321615
0.000346449
0.000346449
0.000299615
0.000673571
0.000622979
0.000564037
0.000564037
0.000388322
0.000246496
0.000293802
0.000303661
0.00016809
0.000117536
-1.39619e-05
0.000118275
3.97462e-05
6.14813e-05
-5.95119e-05
-9.53203e-05
-0.000230639
-0.00026205
-0.00024754
-6.25769e-05
0.000429582
0.000429582
0.000290723
0.000290723
0.000396457
0.00047482
0.00065577
0.00065577
0.000859758
0.000774821
0.000584413
0.000332546
1.80609e-05
-2.31196e-05
-2.31196e-05
-8.6015e-05
4.53589e-05
0.000107396
0.00029327
0.000559838
0.00063058
0.00063058
0.00063058
0.000603232
0.000603232
0.000537593
0.000465839
0.000570444
0.0007529
0.000957162
0.000905551
0.000636691
0.000804248
0.000612128
0.000612128
0.00074633
0.000925138
0.000925138
0.000998262
0.000934903
0.00113697
0.000978317
0.00101387
0.000894289
0.000817879
0.000881495
0.000881495
0.000851505
0.000856971
0.000681171
0.000754135
0.000713917
0.000762746
0.000530981
0.000281392
4.13129e-05
-0.000162115
-0.000381947
-0.000329002
-0.000331445
-0.00035083
-0.00038735
-0.000620898
-0.000764109
-0.000605843
-0.000640996
-0.000640996
-0.000648651
-0.000736825
-0.000724871
-0.00083588
-0.000889721
-0.000924984
-0.000990772
-0.000804761
-0.000884751
-0.000884751
-0.00086744
-0.000816777
-0.000816777
-0.000741849
-0.000625148
-0.000628573
-0.000609702
-0.000572946
-0.000459416
-0.000459416
-0.000411929
-0.000371821
-0.000482818
-0.00065511
-0.00065511
-0.000558802
-0.00036342
-0.000253529
-0.000166089
0.000147122
6.40827e-05
6.40827e-05
-6.54081e-05
-6.54081e-05
7.35856e-05
7.35856e-05
-2.40582e-05
6.50897e-05
0.000100795
-0.000145811
-5.86604e-05
-5.86604e-05
-0.00022873
-0.000316683
-0.00025497
-0.000371723
-0.000243893
-0.000514081
-0.000270114
-0.000629321
-0.000629321
-0.000792141
-0.000792141
-0.000867486
-0.000548381
-0.000282861
-0.000251899
-0.00054755
-0.000801279
-0.000801279
-0.000801279
-0.000733167
-0.000733167
-0.000733167
-0.000729537
-0.00072813
-0.00072813
-0.00072813
-0.000676652
-0.000676652
-0.000676652
-0.00059199
-0.000404789
-0.000358253
-0.000564682
-0.000470545
-0.000470545
-0.000422589
-0.00059931
-0.00059931
-0.000716131
-0.000727874
-0.000756108
-0.000839076
-0.000839076
-0.000840053
-0.000840053
-0.00064596
-0.000561889
-0.000561889
-0.000519278
-0.000472181
-0.000594576
-0.000594576
-0.000687971
-0.000687971
-0.000687971
-0.000757169
-0.000917798
-0.000748619
-0.000912914
-0.000929684
-0.000996037
-0.000996037
-0.000659822
-0.000697402
-0.000697402
-0.000626238
-0.000854208
-0.000868018
-0.000910785
-0.000781649
-0.000781649
-0.00065909
-0.000795194
-0.000753544
-0.00084985
-0.000775617
-0.000814544
-0.000787173
-0.00101506
-0.00114126
-0.00103918
-0.00103918
-0.00113018
-0.000865331
-0.000805752
-0.000782447
-0.000896318
-0.000896318
-0.000673274
-0.000741651
-0.000681539
-0.000746738
-0.000577814
-0.000786698
-0.000786698
-0.000786698
-0.000802049
-0.00102851
-0.00109137
-0.000992679
-0.0012335
-0.00120119
-0.00120119
-0.000986186
-0.000805559
-0.000736445
-0.000703039
-0.000758805
-0.00080861
-0.00083663
-0.000573183
-0.000573183
-0.000204991
-0.000175106
-0.000198671
-0.000223923
-0.000104963
-8.16463e-05
-0.000183509
-7.40071e-05
-7.40071e-05
-7.40071e-05
-7.40071e-05
0.000138472
0.000138472
0.000138472
0.000198276
0.000223693
0.000486164
0.000721721
0.000835637
0.000949056
0.0010739
0.00139354
0.00132931
0.00135283
0.00133694
0.00149016
0.00149016
0.00127104
0.00140499
0.00184297
0.00161586
0.00178868
0.00173528
0.00141485
0.00141485
0.00142963
0.00122253
0.00117503
0.00117503
0.000751996
0.000788381
0.00102393
0.00103576
0.000999293
0.00112142
0.000920504
0.00103995
0.00106873
0.00112876
0.000845702
0.000845702
0.000622446
0.000642728
0.000761441
0.00063297
0.00079988
0.000996719
0.000873004
0.000674608
0.000674608
0.000780695
0.000532957
0.000559472
0.0007044
0.000605341
0.000804898
0.000692412
0.000863269
0.000814158
0.000638221
0.000596159
0.000600974
0.000833626
0.000849548
0.000732073
0.000732073
0.000984019
0.00128636
0.00128636
0.00119281
0.00114953
0.00129961
0.00131614
0.00137206
0.00145133
0.00130605
0.00145021
0.0014051
0.00115927
0.00127066
0.00115566
0.00135692
0.00135692
0.00125935
0.00129834
0.001396
0.00109819
0.00112816
0.00112816
0.00108798
0.000853849
0.000795657
0.00113146
0.00107759
0.000726286
0.000624892
0.000622715
0.000622715
0.000700424
0.000700424
0.000542458
0.000715637
0.000710784
0.000646684
0.000662253
0.000662253
0.000554117
0.000554117
0.000341342
0.000273526
0.000353652
0.000353652
0.000146789
-0.000258919
-0.000258919
-0.000244931
-0.000237057
-0.000237057
-0.000237057
-0.00011269
0.000106614
-0.000134621
-0.000300398
-0.000300398
-0.000300398
-0.000316224
-0.000176674
-0.000603126
-0.000204717
-0.000204717
0.000171299
-2.54904e-05
-2.54904e-05
-2.54904e-05
-2.54904e-05
-0.000106158
-0.000222694
-0.000222694
-0.000222694
-0.000247272
-0.000247272
-0.000316396
-0.000510276
-0.000510276
-0.000944371
-0.000888185
-0.000888185
-0.000975102
-0.000975102
-0.000975102
-0.000975102
-0.0010239
-0.000978585
-0.000867386
-0.000726135
-0.00073817
-0.000987972
-0.00105664
-0.000987517
-0.000825177
-0.000882485
-0.000882485
-0.000882485
-0.000986903
-0.000986903
-0.000986903
-0.000722705
-0.000722705
-0.000673039
-0.000783029
-0.000927034
-0.000760392
-0.000773832
-0.000585826
-0.000718503
-0.000802458
-0.000802458
-0.000862582
-0.000862582
-0.000862582
-0.000899344
-0.000558393
-0.000494022
-0.00069668
-0.000405692
-0.000655117
-0.000628898
-0.000628898
-0.000622768
-0.00056563
-0.000638619
-0.000589618
-0.000254555
-0.00037356
-0.000296778
-0.000364342
-0.000372874
-0.000464769
-0.000464769
-0.000569223
-0.000707718
-0.000903112
-0.000991209
-0.000735631
-0.000718405
-0.000828603
-0.000916531
-0.000869814
-0.000739786
-0.000664216
-0.000664216
-0.000664216
-0.000664216
-0.000561016
-0.000484515
-0.000418182
-0.000394032
-0.000344336
-0.000242321
-0.000328489
-0.000328489
-0.000429394
-0.000429394
-0.000490377
-0.000490377
-0.000528707
-0.000528707
-0.000378573
-0.000378573
-0.000378573
-0.000378573
-0.000300383
-0.000300383
-6.61942e-05
-0.000252156
-0.00015789
-9.08675e-05
-9.34566e-05
-0.000162055
-0.000162055
-0.000461832
-0.00040254
-0.00032847
-0.000152909
-0.000414813
-0.000570625
-0.000631361
-0.000706439
-0.000706439
-0.000706439
-0.000676284
-0.000715304
-0.000715304
-0.0007111
-0.000542353
-0.000821302
-0.000821302
-0.000905443
-0.000803361
-0.000730684
-0.000782542
-0.000842127
-0.000779646
-0.000758425
-0.00087043
-0.000889903
-0.00073641
-0.00073641
-0.000718259
-0.000773763
-0.000702611
-0.000823621
-0.000635007
-0.000635007
-0.000687044
-0.000873589
-0.000873589
-0.00127012
-0.00137555
-0.00152552
-0.0016619
-0.00157445
-0.00152324
-0.00125147
-0.00126194
-0.00126642
-0.00113943
-0.00113943
-0.00117486
-0.00124461
-0.00114566
-0.00117843
-0.000977081
-0.00120121
-0.00144671
-0.00167462
-0.00167462
-0.00163191
-0.00182826
-0.00159397
-0.00159397
-0.00160298
-0.00194036
-0.00214335
-0.00239446
-0.00231999
-0.00234019
-0.00227001
-0.00227001
-0.00186249
-0.00191056
-0.0017877
-0.00175623
-0.00185866
-0.00203279
-0.00201742
-0.00219748
-0.00231911
-0.00201038
-0.00201038
-0.00209975
-0.00199388
-0.00192978
-0.00166398
-0.00169154
-0.00166172
-0.00174537
-0.00165766
-0.00163686
-0.00157843
-0.00113117
-0.00126237
-0.00127897
-0.00116737
-0.00118809
-0.00119524
-0.0012556
-0.0012556
-0.0012556
-0.00135085
-0.00171503
-0.00171503
-0.00171503
-0.00171503
-0.00154166
-0.00174409
-0.0017982
-0.00199185
-0.00199185
-0.0022907
-0.00217074
-0.00217126
-0.00217126
-0.00214531
-0.00214531
-0.00214531
-0.0022534
-0.00217779
-0.00217779
-0.0022193
-0.0023044
-0.00250967
-0.00250967
-0.00250967
-0.00269086
-0.00294808
-0.00296925
-0.00291504
-0.0031445
-0.00334051
-0.00334051
-0.00334051
-0.00344797
-0.0034431
-0.00338759
-0.00360412
-0.00348034
-0.00334047
-0.00319925
-0.00319925
-0.00319925
-0.00319925
-0.00316227
-0.00316965
-0.00284337
-0.00272001
-0.00272001
-0.00266763
-0.00266763
-0.00257772
-0.00234422
-0.00234422
-0.00230524
-0.00222082
-0.00225483
-0.00225483
-0.00216732
-0.00220112
-0.00220112
-0.00219193
-0.00207541
-0.00230674
-0.00230674
-0.00230674
-0.00228696
-0.00228696
-0.00223125
-0.00214048
-0.00215863
-0.00219662
-0.00209684
-0.00179485
-0.00188442
-0.00216121
-0.00248291
-0.00264945
-0.00269439
-0.00236005
-0.00236005
-0.00222317
-0.00188449
-0.00187339
-0.00160971
-0.00187222
-0.00176395
-0.00201569
-0.00201569
-0.00184057
-0.00186966
-0.00198313
-0.00174526
-0.00163315
-0.00167911
-0.00173346
-0.00173346
-0.00181689
-0.00175424
-0.00200803
-0.00200803
-0.00211673
-0.00212555
-0.00203164
-0.00203164
-0.00251431
-0.00251027
-0.00251027
-0.00256818
-0.00242633
-0.00257959
-0.00257959
-0.00268182
-0.00282873
-0.00286979
-0.00280743
-0.00273989
-0.00289637
-0.00310306
-0.00326927
-0.00330945
-0.00322773
-0.00348724
-0.00347719
-0.00355761
-0.00358679
-0.00358679
-0.00371496
-0.00373954
-0.00373954
-0.00356938
-0.00345824
-0.00343784
-0.00365918
-0.00375045
-0.00394951
-0.00356057
-0.00356057
-0.00340561
-0.00344873
-0.00344873
-0.00344873
-0.00350411
-0.00340747
-0.00340747
-0.00359388
-0.00340196
-0.00339657
-0.00339657
-0.00339657
-0.0035118
-0.0035328
-0.00342039
-0.00332372
-0.00332372
-0.00343373
-0.00347153
-0.00354325
-0.00362355
-0.0035274
-0.00344755
-0.00379062
-0.0037317
-0.00364731
-0.003348
-0.00324933
-0.00340091
-0.00340091
-0.00338917
-0.00334787
-0.00297617
-0.00297617
-0.00256188
-0.00242946
-0.00256304
-0.00260719
-0.00266953
-0.00264179
-0.00253197
-0.002619
-0.00228399
-0.00233039
-0.00226408
-0.00224751
-0.00224751
-0.00224751
-0.00234575
-0.00233927
-0.00241387
-0.00252125
-0.00252125
-0.00240811
-0.00225111
-0.00212614
-0.00236521
-0.00236521
-0.00223203
-0.00223203
-0.00248155
-0.00245822
-0.0024778
-0.00265984
-0.00245509
-0.00264532
-0.00236817
-0.00236817
-0.00236817
-0.00236817
-0.00236817
-0.00220625
-0.00233592
-0.00226599
-0.00235497
-0.00235497
-0.00235398
-0.00235079
-0.00235079
-0.00232248
-0.00232248
-0.00232248
-0.00232248
-0.00249966
-0.00256681
-0.00242846
-0.00222817
-0.00227726
-0.00243109
-0.0023352
-0.00227649
-0.00244582
-0.00240836
-0.00218214
-0.00222602
-0.00212536
-0.00209788
-0.00172527
-0.00172527
-0.00172527
-0.00172527
-0.00172527
-0.00189116
-0.00179532
-0.00197308
-0.00197308
-0.00206618
-0.00214246
-0.00191273
-0.00191273
-0.00196186
-0.00194848
-0.00190356
-0.00183854
-0.00176376
-0.00169841
-0.00132218
-0.00122539
-0.00122539
-0.00140553
-0.00144977
-0.00140771
-0.00139592
-0.00133254
-0.00124128
-0.00158504
-0.00157978
-0.00150725
-0.00150725
-0.00137135
-0.00122955
-0.00130691
-0.00122714
-0.00122714
-0.00117735
-0.00117735
-0.00122925
-0.00114205
-0.00123152
-0.00129902
-0.00127651
-0.00130279
-0.00122806
-0.00133586
-0.00133586
-0.00129166
-0.00126198
-0.00121135
-0.00116051
-0.00139039
-0.00162829
-0.00151542
-0.0014082
-0.00151164
-0.00147022
-0.00147022
-0.00148676
-0.00150022
-0.00163299
-0.00177433
-0.00179826
-0.00168747
-0.00171326
-0.0015137
-0.0015137
-0.0015137
-0.00144216
-0.00148317
-0.00127804
-0.0014049
-0.00145236
-0.00137773
-0.00137773
-0.00130553
-0.00120481
-0.00116499
-0.00102672
-0.0010768
-0.0010768
-0.00106037
-0.00110505
-0.00106961
-0.0015247
-0.00149545
-0.00155012
-0.00155012
-0.00134049
-0.00120851
-0.00120851
-0.00111737
-0.00127582
-0.00121851
-0.00111686
-0.00125577
-0.000831131
-0.000831131
-0.000831131
-0.00125591
-0.00125591
-0.00143092
-0.00142185
-0.00127314
-0.00128808
-0.00138386
-0.00138386
-0.00102524
-0.00102524
-0.00106718
-0.00137752
-0.00136635
-0.00138595
-0.00140147
-0.00139585
-0.00127847
-0.000989764
-0.000910273
-0.00100697
-0.000843911
-0.000608934
-0.000122396
-6.87678e-05
0.000311555
0.000311555
0.000309524
0.000149051
0.000217196
0.000217196
0.000468288
0.000468288
0.000468288
0.000468288
0.000468288
0.000523271
0.000488648
0.000519194
0.000545328
0.000545328
0.000561213
0.000524226
0.000434517
0.000350058
9.41733e-06
0.00019082
0.000474718
0.000709344
0.000709344
0.000709344
0.000709344
0.000665472
0.000388376
0.00031631
0.00031631
0.000363989
0.000340417
0.000374385
0.000233476
0.000170898
0.000314332
0.000439208
0.000439208
0.000459477
0.000616828
0.000884062
0.000907691
0.00121435
0.00116502
0.00125085
0.00123189
0.00135611
0.00162155
0.001573
0.00149272
0.00142905
0.00120504
0.00120504
0.00120504
0.00123477
0.00140824
0.00140824
0.00119505
0.00106747
0.00106747
0.000949667
0.000949667
0.000984087
0.000984087
0.000984087
0.000984087
0.000906189
0.00085456
0.00085456
0.000816076
0.000763097
0.000675544
0.000417828
0.000452624
0.000277323
0.000698697
0.000906977
0.00124532
0.00122173
0.00122173
0.00122173
0.00119649
0.00143352
0.00134101
0.0010979
0.00124534
0.00123523
0.00123523
0.00139658
0.00139658
0.00129171
0.00129171
0.000950316
0.000995773
0.00112461
0.00114406
0.00114406
0.00114406
0.00114406
0.0010992
0.0010992
0.000688985
0.000372796
0.000372796
0.000345798
0.000345798
0.000401218
0.000401218
0.000401218
0.000312932
0.000160634
4.33183e-06
4.03034e-05
4.03034e-05
4.03034e-05
4.03034e-05
6.29448e-05
0.000138205
2.30354e-05
-0.000159138
-6.08051e-05
-0.000180083
-0.00017773
5.40995e-06
0.000167492
0.000173349
0.000173349
2.65216e-05
2.65216e-05
0.000236566
0.000832018
0.000901419
0.000783202
0.00068275
0.000534278
0.000534278
0.000534278
0.000534278
0.000577561
0.000316474
0.000447798
0.000481666
0.000413418
0.000540978
0.000314186
0.000306442
0.000522666
0.000573715
0.000529609
0.000374308
0.000374308
0.000186174
0.000198334
0.000277418
-1.08084e-05
-1.08084e-05
-8.35875e-05
-0.000205326
-0.000283765
-0.000301258
-0.000301258
-0.000301258
-4.4998e-05
1.53339e-05
-4.19349e-05
-0.000158741
-0.000278201
-0.000170764
-0.000442269
-0.000442269
-0.000123627
-0.000123627
-4.85687e-05
-0.00018271
-0.000282534
-8.43827e-05
-0.000239571
-0.000328234
-0.000199121
-0.000199121
8.52989e-05
8.52989e-05
-0.00016759
-9.27491e-05
8.43093e-05
-3.72979e-05
0.00035085
0.00042808
0.000619335
0.000589876
0.000539551
0.000636506
0.000833153
0.000833153
0.000918919
0.00094428
0.00123171
0.00149592
0.00149476
0.00149476
0.0014404
0.00170513
0.00194184
0.00219944
0.00231096
0.00209443
0.00209443
0.00188749
0.00214632
0.00230688
0.00243798
0.00221381
0.00218144
0.00200355
0.00200355
0.00207025
0.00207025
0.00207025
0.00204638
0.00213337
0.0021375
0.00212735
0.00212735
0.00206092
0.00206092
0.00216439
0.00216439
0.00228144
0.00219424
0.00239995
0.00257748
0.00276014
0.00269806
0.00269806
0.00297014
0.00285771
0.00285771
0.00285771
0.00285771
0.00257174
0.00251314
0.00247373
0.00253757
0.00253757
0.00251684
0.00245616
0.0023065
0.00216867
0.00218735
0.00218735
0.00210498
0.00212235
0.00233117
0.00251814
0.00273494
0.00277246
0.00274862
0.00274862
0.00261351
0.00265274
0.00274356
0.00266535
0.00266535
0.00269188
0.00224766
0.00196384
0.00196384
0.00171813
0.00157025
0.00164037
0.00164037
0.00162293
0.00172062
0.00175559
0.00169254
0.00173326
0.00155046
0.00143752
0.00142034
0.00135059
0.00131731
0.00136702
0.00118398
0.00114599
0.000933662
0.000933662
0.00103546
0.00107983
0.0011619
0.00110124
0.00121565
0.00139811
0.0014978
0.00151664
0.00151664
0.00168445
0.00159394
0.00149627
0.00157847
0.00194377
0.00194377
0.00210669
0.00166917
0.00171944
0.00147466
0.00167597
0.00165426
0.00162836
0.00162836
0.00162836
0.00153433
0.00153433
0.00142146
0.00156382
0.00156382
0.00137805
0.00133134
0.00114177
0.00114533
0.0011849
0.0011849
0.00156697
0.00121507
0.00104939
0.00102555
0.00108284
0.00106224
0.00111376
0.00114294
0.00140798
0.00149616
0.00151473
0.00151473
0.00168285
0.00146607
0.00138701
0.00138701
0.00137085
0.00137773
0.00137356
0.00137356
0.00137356
0.00127698
0.00137301
0.00125937
0.00158947
0.00158947
0.00158947
0.00158947
0.00176545
0.00204924
0.00186527
0.00186527
0.00194283
0.00177191
0.00192745
0.00192745
0.00193831
0.00218694
0.00209228
0.00225268
0.00219309
0.00210139
0.00203697
0.00219488
0.00209296
0.00218865
0.00218865
0.00202193
0.00189564
0.00175138
0.00134095
0.00145088
0.000823359
0.000823359
0.000823359
0.000823359
0.00108485
0.000956884
0.000993813
0.00092205
0.00092205
0.00073766
0.000618671
0.000618671
0.000722608
0.000694045
0.000772485
0.000762775
0.000916286
0.000847274
0.00089271
0.000807985
0.000807985
0.000943164
0.000944383
0.000944383
0.000944383
0.000811439
0.000753762
0.000294642
0.000492039
0.00034291
0.000509173
0.000716025
0.000716025
0.000520154
0.000843386
0.000846827
0.000846827
0.000819472
0.000648216
0.000678992
0.000678992
0.000861142
0.00122055
0.00122055
0.00120795
0.00120795
0.00130204
0.00145481
0.00152609
0.00152609
0.00171216
0.00158558
0.00165662
0.00162949
0.00152823
0.00146568
0.00141428
0.00141428
0.00139328
0.00127146
0.00134555
0.00136825
0.00127847
0.00116886
0.0011282
0.00119345
0.00137944
0.00145476
0.00128973
0.00115245
0.00115245
0.00115245
0.00115245
0.00115245
0.00126583
0.00139103
0.00145295
0.00139906
0.00142312
0.0013859
0.00144533
0.00120793
0.00130364
0.000894113
0.00126344
0.00124625
0.00137572
0.00109725
0.00109725
0.00103696
0.00103696
0.00103696
0.00103696
0.000737383
0.000737383
0.000535674
0.000535674
0.000598851
0.000229669
0.000417721
0.000417721
-1.12541e-05
-6.61401e-05
-0.000196754
-0.000196754
-0.000196754
-0.000112269
0.000260688
0.000611836
0.000669149
0.000589542
0.000704626
0.00068733
0.000807671
0.000807671
0.000807671
0.000922924
0.000772953
0.000771907
0.000673613
0.000843731
0.000876542
0.000835058
0.000835058
0.000835058
0.0010764
0.00118602
0.00119606
0.00116935
0.000836643
0.000622019
0.000622019
0.000648178
0.000559479
0.000559479
0.000511262
0.000437246
0.000437246
0.000457229
0.000774463
0.000861542
0.000827078
0.0010702
0.000946373
0.00110905
0.00110905
0.00118108
0.00118108
0.00120042
0.00116887
0.0012872
0.001399
0.00134482
0.0016165
0.00152427
0.00164487
0.00147736
0.00160788
0.00155308
0.00155308
0.00154212
0.00161055
0.00161055
0.00161055
0.00145871
0.00156059
0.00156059
0.00176705
0.00178898
0.00222468
0.00166262
0.00135922
0.00135922
0.00136468
0.00179403
0.00174032
0.00169172
0.00181741
0.00170927
0.00148361
0.00139568
0.00124207
0.00124207
0.00142447
0.00142447
0.00142447
0.00142447
0.00140553
0.00120022
0.00132345
0.00123348
0.00145449
0.0013697
0.00148144
0.00143307
0.00160853
0.00146568
0.00146568
0.00144069
0.0015291
0.00141536
0.0017188
0.00155287
0.0013021
0.00144206
0.00144206
0.00155265
0.00146881
0.00133278
0.00133278
0.00142172
0.00129626
0.0011027
0.0011027
0.0011027
0.0011027
0.00103347
0.00112118
0.00114689
0.00106875
0.000906149
0.000743132
0.000743132
0.000597347
0.000293472
0.000300333
0.000529803
0.000335945
0.00021325
0.00021325
0.000310123
0.000310123
0.000384915
0.000393452
0.000106606
-0.00018892
-0.000155364
-0.000155364
0.000250346
0.000250346
0.000250346
0.000250346
3.71318e-05
0.000274846
7.43685e-05
5.10526e-05
0.0001409
0.000335944
0.000413979
0.000413979
0.000339933
0.000250585
0.000298255
0.000298255
0.000246508
0.000246508
0.000440808
0.000485032
0.000601409
0.000583745
0.000339548
0.000307907
0.00040538
0.000629763
0.000690502
0.000638421
0.000638421
0.000719275
0.000667033
0.000629361
0.000629361
0.000431393
0.000307554
0.000307554
0.000579936
0.000286582
0.000286582
0.000286582
0.000298774
0.000298457
0.000238882
9.85102e-05
0.000255742
0.000281763
0.000281763
-2.45262e-05
9.4875e-05
3.06771e-05
0.00010395
0.000305466
0.000305466
0.000305466
0.000525364
0.000417375
0.000455251
0.000573777
0.00066755
0.00066755
0.000829074
0.000325057
0.000413672
0.00027241
0.000299443
0.000354751
0.000444522
0.000180821
0.000180821
0.000180821
0.000180821
0.000180821
5.06977e-05
5.06977e-05
6.72571e-05
0.000333518
0.000406969
7.99209e-05
0.000239437
8.99953e-05
8.99953e-05
3.92424e-05
3.92424e-05
-0.000360429
-0.00066403
-0.00066403
-0.00066403
-0.00066403
-0.00070652
-0.000887513
-0.00101733
-0.00109051
-0.00120673
-0.00138408
-0.00119821
-0.00119821
-0.00138709
-0.00134782
-0.0013745
-0.00144754
-0.00126026
-0.000950108
-0.000950108
-0.00102484
-0.00102484
-0.00102936
-0.00108465
-0.00131284
-0.00155244
-0.00155244
-0.00161832
-0.00177041
-0.00177041
-0.00186739
-0.00172297
-0.00164786
-0.00164786
-0.00181044
-0.00168873
-0.00153292
-0.001515
-0.00154594
-0.00152754
-0.00128406
-0.0014411
-0.0014703
-0.00163568
-0.00163568
-0.0016241
-0.00156463
-0.00156463
-0.00177971
-0.00166098
-0.00166098
-0.00176659
-0.00185714
-0.00220126
-0.00196135
-0.00196135
-0.00203872
-0.00210973
-0.00222286
-0.00239725
-0.00237945
-0.00237242
-0.0023318
-0.00242103
-0.00242103
-0.0024499
-0.0024499
-0.0024499
-0.00275365
-0.00275365
-0.00248435
-0.00230338
-0.00206013
-0.00196496
-0.00189828
-0.0019
-0.00175287
-0.00175287
-0.00156335
-0.00183655
-0.00169758
-0.00148333
-0.00153725
-0.00152071
-0.00159237
-0.00170579
-0.00161664
-0.00161664
-0.00166279
-0.00149378
-0.0015954
-0.00192128
-0.00192128
-0.00212322
-0.00170836
-0.0017672
-0.00186974
-0.00186974
-0.00186974
-0.00173185
-0.00183526
-0.00177572
-0.00178735
-0.00209013
-0.00227297
-0.00184216
-0.00184216
-0.00179167
-0.00179167
-0.00179167
-0.0019196
-0.0019196
-0.00224123
-0.00228051
-0.00246202
-0.00236703
-0.00249942
-0.00217119
-0.00195368
-0.00262229
-0.00293519
-0.0030062
-0.00304455
-0.00297916
-0.00297916
-0.00297916
-0.00297916
-0.00297916
-0.00317252
-0.00281272
-0.00281272
-0.00275642
-0.00313472
-0.00319611
-0.00325991
-0.00317016
-0.00316627
-0.00312783
-0.00314619
-0.00290474
-0.00279662
-0.00266459
-0.00284129
-0.003029
-0.00308933
-0.00314203
-0.00329822
-0.00329822
-0.00356134
-0.00359112
-0.00374777
-0.00389584
-0.00389584
-0.00384807
-0.00346745
-0.00337755
-0.00331505
-0.00338735
-0.00305978
-0.00297864
-0.0026229
-0.00310958
-0.00309844
-0.0031889
-0.00325104
-0.00325104
-0.00333564
-0.00333564
-0.00344645
-0.00365183
-0.00365183
-0.0035539
-0.0035539
-0.00325492
-0.00325492
-0.00317574
-0.00334861
-0.00334861
-0.00340306
-0.00331663
-0.00331663
-0.00327806
-0.00327806
-0.00331405
-0.00334074
-0.00334074
-0.00320312
-0.00320312
-0.00326837
-0.00326837
-0.00302082
-0.00302082
-0.00302082
-0.00294651
-0.0027682
-0.0027478
-0.0027478
-0.00254285
-0.00254285
-0.00251009
-0.00251009
-0.00249452
-0.00249452
-0.00249452
-0.00249452
-0.00257059
-0.00265565
-0.00267386
-0.00283587
-0.00270414
-0.00270414
-0.00270414
-0.00279281
-0.00278893
-0.00278893
-0.00303174
-0.00287426
-0.0029902
-0.00281105
-0.0029151
-0.00314348
-0.00274595
-0.00308033
-0.00255914
-0.00255914
-0.00259527
-0.00242227
-0.00272268
-0.00296802
-0.00296802
-0.00324047
-0.00324047
-0.00324047
-0.00324047
-0.00306233
-0.00306233
-0.00306233
-0.00310165
-0.00322211
-0.00299109
-0.00299109
-0.00294847
-0.00301207
-0.00311712
-0.00301128
-0.00306745
-0.00290678
-0.00290678
-0.00287774
-0.003036
-0.00282705
-0.00293759
-0.00299388
-0.00262388
-0.00288108
-0.00284661
-0.00254256
-0.0026547
-0.00275754
-0.00290648
-0.00296791
-0.00296791
-0.00306807
-0.00312631
-0.00295176
-0.00281693
-0.00281693
-0.00296661
-0.00331327
-0.00318676
-0.00349319
-0.00349319
-0.00369497
-0.00392923
-0.00389785
-0.00378861
-0.0040048
-0.00387615
-0.00387615
-0.00397702
-0.00393257
-0.00393257
-0.00387465
-0.00387465
-0.0036528
-0.00371108
-0.0037135
-0.00392738
-0.00392527
-0.00390962
-0.00388605
-0.00413374
-0.00407293
-0.00413521
-0.00398196
-0.00376875
-0.00371327
-0.00350246
-0.00346176
-0.00346176
-0.00346176
-0.00346176
-0.00350551
-0.00348324
-0.00355349
-0.00379908
-0.00379908
-0.00383407
-0.00372647
-0.00365897
-0.00349891
-0.00349891
-0.00349891
-0.00339309
-0.00302404
-0.00302279
-0.00322184
-0.00317589
-0.00317589
-0.00317589
-0.00309219
-0.00309219
-0.00301603
-0.00279704
-0.00277199
-0.00277199
-0.00277199
-0.00287106
-0.00282393
-0.00298372
-0.00298372
-0.00298372
-0.00283838
-0.0026351
-0.0026351
-0.00267877
-0.00252449
-0.00252449
-0.00256359
-0.00256359
-0.00243308
-0.00243308
-0.00243308
-0.00254913
-0.00254913
-0.00250175
-0.00250175
-0.00250175
-0.00250175
-0.00250175
-0.00250175
-0.00292388
-0.00303161
-0.00310661
-0.00324737
-0.00338287
-0.00338287
-0.00306576
-0.00308439
-0.00318063
-0.00318063
-0.00308428
-0.00275663
-0.00290934
-0.00290934
-0.00268915
-0.00261999
-0.00252295
-0.00252295
-0.00225683
-0.0025953
-0.00275641
-0.00291336
-0.00294944
-0.00294944
-0.00303956
-0.00289573
-0.00269559
-0.00269559
-0.00253575
-0.00235819
-0.00218735
-0.00244434
-0.00244434
-0.00244434
-0.00252678
-0.00251526
-0.00251526
-0.0025149
-0.00249778
-0.00249778
-0.00249778
-0.00246508
-0.00246508
-0.00246543
-0.00246543
-0.00246543
-0.00249344
-0.00245525
-0.00299245
-0.00291754
-0.00291754
-0.00291754
-0.00294477
-0.00289283
-0.00295164
-0.00295164
-0.00299019
-0.00308658
-0.00317361
-0.0031127
-0.0031127
-0.0031127
-0.00313764
-0.00321926
-0.00294729
-0.00294729
-0.00280286
-0.00274874
-0.00266329
-0.00244632
-0.00244632
-0.00258022
-0.00262762
-0.00287289
-0.00296887
-0.00293375
-0.00294334
-0.00266588
-0.00314884
-0.00308503
-0.00287936
-0.0032255
-0.0035957
-0.00365499
-0.00366999
-0.00366443
-0.00373041
-0.00379836
-0.00379836
-0.00384154
-0.00384154
-0.00375205
-0.00371247
-0.00371247
-0.00375877
-0.00381617
-0.00381617
-0.00376767
-0.00367097
-0.0035762
-0.0035762
-0.00371428
-0.00371428
-0.00371036
-0.00351339
-0.00351339
-0.00343873
-0.00365452
-0.00351387
-0.00347458
-0.00345729
-0.00317305
-0.00322971
-0.00307213
-0.00301065
-0.00322017
-0.00319766
-0.00336185
-0.00336185
-0.00345388
-0.00358911
-0.00348772
-0.00348688
-0.00334264
-0.00334264
-0.00324721
-0.00324721
-0.00324721
-0.00324721
-0.00331987
-0.00308863
-0.00291302
-0.00291302
-0.00292298
-0.00309108
-0.00335323
-0.00350368
-0.00350368
-0.00322454
-0.0030479
-0.0030479
-0.00324715
-0.00324715
-0.00288294
-0.00292587
-0.00292587
-0.00317337
-0.00274475
-0.00266324
-0.00256742
-0.00271161
-0.00297395
-0.00297395
-0.0027992
-0.00272644
-0.00272644
-0.0027462
-0.0027462
-0.0027462
-0.0027903
-0.00294479
-0.00280349
-0.00280349
-0.00269845
-0.00256348
-0.00264856
-0.00258038
-0.0028661
-0.00290709
-0.00309182
-0.00314393
-0.00363174
-0.00364768
-0.00317559
-0.00306176
-0.00306176
-0.00308328
-0.00315036
-0.00358485
-0.00375437
-0.00374008
-0.00314811
-0.0031896
-0.0031896
-0.0034784
-0.00365107
-0.00367019
-0.00356292
-0.00384319
-0.00384319
-0.00384319
-0.00368892
-0.00352056
-0.00352056
-0.0035064
-0.00338798
-0.00322477
-0.00296545
-0.00296545
-0.00292286
-0.00283012
-0.00254619
-0.00243005
-0.00243005
-0.00236266
-0.00236266
-0.00235381
-0.00235381
-0.00229545
-0.00225223
-0.0027384
-0.0028588
-0.0028588
-0.00286215
-0.00279816
-0.00279816
-0.00279816
-0.00279816
-0.00262176
-0.00277164
-0.00277164
-0.00277164
-0.00281871
-0.00270344
-0.00251004
-0.00195756
-0.00195756
-0.00226231
-0.00226231
-0.00205944
-0.00208283
-0.00237758
-0.00236512
-0.00227557
-0.00213849
-0.00213849
-0.00213849
-0.00223118
-0.00223118
-0.00220736
-0.00195988
-0.00199063
-0.00199063
-0.0020299
-0.00218488
-0.00218488
-0.00224999
-0.00226188
-0.00219832
-0.00211192
-0.00225111
-0.00228793
-0.00195611
-0.00195611
-0.00168443
-0.00166568
-0.00171979
-0.00174878
-0.00197784
-0.00212131
-0.00226465
-0.00214165
-0.00210257
-0.00210257
-0.00210257
-0.00209587
-0.00195489
-0.00195489
-0.00182477
-0.00182477
-0.00179222
-0.00185834
-0.00165557
-0.00162394
-0.00157248
-0.001621
-0.00154718
-0.00166209
-0.00136288
-0.00136288
-0.00136288
-0.00123786
-0.00131472
-0.00128713
-0.00135142
-0.00135142
-0.00129108
-0.00129108
-0.00131746
-0.00131746
-0.00131746
-0.00127276
-0.00127276
-0.00131459
-0.00131144
-0.00128318
-0.00128318
-0.0012573
-0.0012573
-0.00151185
-0.00142756
-0.00127849
-0.00138581
-0.00136334
-0.00156288
-0.00149216
-0.00146936
-0.00146936
-0.00164773
-0.00180033
-0.00180033
-0.00181709
-0.00187192
-0.00179388
-0.00151865
-0.00166525
-0.00165025
-0.00165025
-0.00165025
-0.00171823
-0.0014855
-0.00155287
-0.00146043
-0.00156636
-0.00147262
-0.00144371
-0.00144156
-0.00105549
-0.00105326
-0.000789556
-0.000773685
-0.000656527
-0.000656527
-0.000845853
-0.000974961
-0.00083014
-0.000775568
-0.000893947
-0.000893947
-0.000893947
-0.000893947
-0.000749589
-0.000749589
-0.0011814
-0.00101196
-0.000798192
-0.000612106
-0.000616263
-0.00044532
-0.000619663
-0.000714769
-0.000632693
-0.000714525
-0.000825946
-0.00092011
-0.00092011
-0.000774816
-0.000660846
-0.00102645
-0.000929585
-0.000929585
-0.000929585
-0.000685901
-0.000629085
-0.00056431
-0.000819965
-0.00101589
-0.00101589
-0.00101589
-0.00114998
-0.000905863
-0.000724334
-0.000990116
-0.001445
-0.00149259
-0.00151743
-0.00164033
-0.00160202
-0.00146884
-0.00146884
-0.00153278
-0.00148306
-0.00148306
-0.00148306
-0.00140916
-0.0011676
-0.00134271
-0.00143289
-0.00143289
-0.00183659
-0.0016974
-0.0016974
-0.00192497
-0.00157781
-0.00105231
-0.000882296
-0.000764278
-0.000673143
-0.000868568
-0.000868568
-0.00068059
-0.000632031
-0.000774364
-0.00129299
-0.00140633
-0.00182029
-0.00168714
-0.00146146
-0.00146658
-0.00105229
-0.00119475
-0.00120394
-0.00120394
-0.00139812
-0.00127295
-0.0011487
-0.00109541
-0.000879991
-0.00123519
-0.00154846
-0.00154846
-0.00154846
-0.00154846
-0.00163415
-0.00184115
-0.00165335
-0.00153415
-0.00153415
-0.00213387
-0.00274969
-0.0024352
-0.0023812
-0.0023812
-0.00233542
-0.00207146
-0.00207146
-0.00207146
-0.00207146
-0.00207146
-0.00212264
-0.00217222
-0.00217182
-0.00239277
-0.00239332
-0.00233477
-0.00233477
-0.00234067
-0.00234067
-0.00256092
-0.00281414
-0.00281414
-0.00254353
-0.00231461
-0.00218237
-0.00206091
-0.00222953
-0.00214133
-0.00214133
-0.0021806
-0.00219879
-0.00219879
-0.00235079
-0.00220774
-0.00221042
-0.0023914
-0.0023914
-0.0023914
-0.00251033
-0.00250674
-0.00261868
-0.00261868
-0.00272074
-0.00272154
-0.00272154
-0.00269752
-0.00259922
-0.00259922
-0.00258547
-0.00258547
-0.00255566
-0.00275099
-0.00275099
-0.00261504
-0.0027936
-0.00296961
-0.00296961
-0.00296961
-0.00296961
-0.00257049
-0.00257257
-0.00237777
-0.00234733
-0.00236467
-0.00236467
-0.00236467
-0.00236467
-0.0023809
-0.0023809
-0.0022446
-0.00211995
-0.00228913
-0.0021879
-0.00240178
-0.00254511
-0.0023032
-0.00254474
-0.00252343
-0.00242875
-0.00242875
-0.00242875
-0.00204959
-0.00204959
-0.00204959
-0.00204959
-0.00216392
-0.00210751
-0.00210751
-0.0024891
-0.00242339
-0.00248879
-0.00248879
-0.00270732
-0.00231607
-0.0024216
-0.00253493
-0.00253493
-0.00256244
-0.00256244
-0.00256244
-0.0023641
-0.00218455
-0.00213121
-0.00220488
-0.00182672
-0.00182672
-0.00174925
-0.00161724
-0.00161888
-0.00177866
-0.00182712
-0.00179587
-0.00188151
-0.00172608
-0.0017299
-0.0016575
-0.0020353
-0.00214409
-0.00218799
-0.00228533
-0.00228533
-0.00249339
-0.00261803
-0.00261803
-0.00261803
-0.00287961
-0.00260528
-0.00265833
-0.00240352
-0.00240352
-0.00240352
-0.00240352
-0.00218433
-0.00218433
-0.00218433
-0.00232007
-0.0025541
-0.00275793
-0.00292755
-0.00308747
-0.00316855
-0.00293749
-0.00292112
-0.00292112
-0.0030314
-0.0030314
-0.00305847
-0.00305847
-0.00317106
-0.00317106
-0.00299925
-0.00281377
-0.00285971
-0.00279681
-0.00274207
-0.00272782
-0.00272782
-0.00284593
-0.00302361
-0.00314871
-0.00314871
-0.00327453
-0.00328003
-0.00328003
-0.00328003
-0.00342232
-0.00357145
-0.0035738
-0.0035738
-0.0035738
-0.0035738
-0.00336447
-0.00336447
-0.00338368
-0.00350229
-0.00362746
-0.00383894
-0.00378209
-0.00378209
-0.003498
-0.00336933
-0.00318668
-0.00318668
-0.00330048
-0.0030917
-0.0030917
-0.0030917
-0.0030917
-0.00296859
-0.00269355
-0.00278579
-0.0030347
-0.0030347
-0.0031807
-0.00343462
-0.0032495
-0.00318138
-0.00353901
-0.00353901
-0.0034314
-0.00351267
-0.00351267
-0.00374055
-0.00374055
-0.00374055
-0.00355542
-0.00352714
-0.00351588
-0.00351588
-0.00355335
-0.00345013
-0.0036308
-0.0036308
-0.00352991
-0.00352991
-0.00329725
-0.00326008
-0.00326008
-0.00282088
-0.00278405
-0.00278405
-0.00268359
-0.00252531
-0.00277121
-0.00287399
-0.00290377
-0.00290377
-0.00278321
-0.00289163
-0.00276607
-0.00262753
-0.0026137
-0.00270914
-0.00275618
-0.00262617
-0.00251563
-0.00243978
-0.00236411
-0.00236411
-0.00256713
-0.0028559
-0.0028312
-0.0028312
-0.00303133
-0.0031003
-0.00297912
-0.00296227
-0.00306165
-0.00306165
-0.0030844
-0.00294848
-0.00286386
-0.00291418
-0.00291418
-0.00291418
-0.00298988
-0.00286651
-0.00286651
-0.00272734
-0.00274015
-0.00274015
-0.00262583
-0.00266985
-0.00284544
-0.00268851
-0.00260573
-0.00247208
-0.00228932
-0.00235017
-0.00248062
-0.00227916
-0.00215888
-0.00211323
-0.00211696
-0.00211696
-0.00191045
-0.00191045
-0.00189025
-0.00189025
-0.00189025
-0.00185175
-0.00190991
-0.00220605
-0.00222799
-0.00222799
-0.00198721
-0.00173017
-0.00176533
-0.00170093
-0.00176366
-0.00149663
-0.00149663
-0.00149663
-0.00154488
-0.00205571
-0.00222781
-0.00222781
-0.00220001
-0.00199094
-0.00217813
-0.00223729
-0.00229332
-0.00218486
-0.00231907
-0.00230308
-0.00228527
-0.00242695
-0.00225021
-0.00204547
-0.00199807
-0.00194601
-0.00190036
-0.002135
-0.00197472
-0.00187547
-0.00218031
-0.00224586
-0.00227711
-0.00203502
-0.00218498
-0.00234411
-0.00219501
-0.00249366
-0.00269265
-0.00214198
-0.00227625
-0.0021467
-0.00200994
-0.00200994
-0.00200994
-0.0018762
-0.00192661
-0.00195649
-0.00200904
-0.00197632
-0.00180046
-0.00180046
-0.00151965
-0.00166562
-0.00166562
-0.00185135
-0.00184001
-0.00181309
-0.00209906
-0.00181477
-0.00199521
-0.0018483
-0.00168406
-0.00159933
-0.00194856
-0.00202933
-0.00202933
-0.00202933
-0.00202933
-0.00212715
-0.00193287
-0.00198481
-0.00198481
-0.00198481
-0.00212155
-0.00207613
-0.00207613
-0.00231987
-0.0025059
-0.00228084
-0.00228084
-0.00201519
-0.00201519
-0.00201519
-0.00226361
-0.00226361
-0.00228893
-0.00229477
-0.00216951
-0.00216951
-0.00216951
-0.0017307
-0.0017307
-0.00179915
-0.00186994
-0.00207065
-0.00193591
-0.00213366
-0.00219171
-0.00222131
-0.00222131
-0.0022519
-0.0022519
-0.00225198
-0.0022648
-0.0022648
-0.00231421
-0.00244215
-0.00244215
-0.00251489
-0.00251489
-0.00251489
-0.00224114
-0.00229766
-0.00229766
-0.00229766
-0.00241558
-0.002731
-0.002731
-0.00261923
-0.00258483
-0.00242791
-0.00244662
-0.00226087
-0.00226759
-0.00226759
-0.00235743
-0.00271459
-0.00271459
-0.00271459
-0.0025576
-0.00236787
-0.00236787
-0.00236787
-0.00241261
-0.00223971
-0.00244876
-0.00228547
-0.00226315
-0.00209583
-0.00209583
-0.00209583
-0.00204326
-0.00204326
-0.00210603
-0.00192981
-0.00182391
-0.00192265
-0.001836
-0.00157618
-0.00157618
-0.00168901
-0.00144905
-0.00158063
-0.00143578
-0.00155437
-0.00152447
-0.00177587
-0.00183765
-0.00185159
-0.00162854
-0.00153728
-0.00153728
-0.00151653
-0.00144136
-0.00141403
-0.00133637
-0.00169213
-0.00177778
-0.00177778
-0.00165896
-0.00165896
-0.00151655
-0.00151655
-0.00149095
-0.00149095
-0.00156665
-0.00163389
-0.00162741
-0.00155113
-0.0015554
-0.00171172
-0.00174092
-0.00160142
-0.00157121
-0.00157121
-0.00155125
-0.00174365
-0.001892
-0.00165814
-0.00144978
-0.00153679
-0.00144143
-0.00135976
-0.00135828
-0.0014894
-0.00132331
-0.00132092
-0.00159123
-0.00159123
-0.00159542
-0.001667
-0.00168815
-0.00167275
-0.00156093
-0.00156093
-0.00141099
-0.00130961
-0.00127844
-0.00127844
-0.00127844
-0.000990211
-0.000823226
-0.000719205
-0.000913636
-0.000913636
-0.000665915
-0.000924906
-0.000886024
-0.00104185
-0.00104185
-0.00104185
-0.00104185
-0.00104146
-0.00114903
-0.00110205
-0.0010272
-0.000978104
-0.00082059
-0.00101047
-0.00140558
-0.00140558
-0.00140558
-0.00144063
-0.00160884
-0.00150685
-0.00153007
-0.00153007
-0.00117615
-0.00117615
-0.00117615
-0.00117615
-0.00117615
-0.00144997
-0.00142482
-0.00135895
-0.00127251
-0.00146132
-0.00151939
-0.00177471
-0.00177254
-0.00162455
-0.00162455
-0.00158865
-0.00201815
-0.00210731
-0.00216991
-0.00225647
-0.00256676
-0.00262045
-0.00267765
-0.00267765
-0.00273398
-0.00272297
-0.00238714
-0.00248121
-0.00241793
-0.00258956
-0.0028257
-0.00281706
-0.00275969
-0.00270854
-0.00308267
-0.00308485
-0.00310441
-0.00310441
-0.00310441
-0.00306
-0.00306
-0.0032564
-0.00322687
-0.00347992
-0.00347992
-0.00375606
-0.00356722
-0.00356722
-0.00356722
-0.00356722
-0.00356722
-0.00340418
-0.0034221
-0.0034221
-0.00354697
-0.00348621
-0.00367379
-0.00356468
-0.00354157
-0.00382309
-0.00382309
-0.00384346
-0.00363944
-0.00363944
-0.00356054
-0.00363368
-0.00392763
-0.00392763
-0.00392763
-0.00392763
-0.00392763
-0.00387325
-0.00358591
-0.00358591
-0.00384369
-0.00394634
-0.00394634
-0.00394634
-0.00399236
-0.00366393
-0.00341581
-0.00341581
-0.00319176
-0.00320817
-0.0031607
-0.00303141
-0.00308315
-0.00306998
-0.00306998
-0.00290061
-0.00316441
-0.00318302
-0.00316079
-0.00316079
-0.00313287
-0.00313287
-0.00324612
-0.0033204
-0.00310854
-0.00302176
-0.00288168
-0.00264795
-0.00264795
-0.00286795
-0.00261823
-0.00261823
-0.00270767
-0.00256494
-0.00267537
-0.0027152
-0.00283433
-0.00276631
-0.00254165
-0.00273318
-0.00323554
-0.00332799
-0.00332799
-0.00321948
-0.00321948
-0.00334239
-0.00356573
-0.00348571
-0.00352029
-0.00378471
-0.00373874
-0.00367656
-0.00367656
-0.00363413
-0.00356634
-0.00337576
-0.00337576
-0.00334563
-0.00348781
-0.00357362
-0.00357362
-0.00350521
-0.00328873
-0.00328873
-0.00282124
-0.00269765
-0.00276816
-0.00276816
-0.00276816
-0.00276816
-0.00304739
-0.00306399
-0.00340496
-0.00328096
-0.00333599
-0.00346024
-0.00339621
-0.00339621
-0.00354312
-0.00355136
-0.00386018
-0.00384173
-0.00384173
-0.00393681
-0.00393681
-0.00393681
-0.00402228
-0.00395619
-0.00387891
-0.00387891
-0.00387891
-0.00387891
-0.00365691
-0.00365691
-0.00365691
-0.00365691
-0.00365691
-0.00365691
-0.00346
-0.00346
-0.00328892
-0.00341925
-0.00339112
-0.00339112
-0.00339112
-0.00336804
-0.00335768
-0.00331394
-0.00332775
-0.00361111
-0.00357168
-0.00365759
-0.00365759
-0.00366021
-0.00349242
-0.00329916
-0.00344266
-0.00359592
-0.00317935
-0.00337792
-0.00343778
-0.00362235
-0.00371283
-0.003591
-0.00364043
-0.00377694
-0.00377694
-0.00367202
-0.00367202
-0.00345762
-0.00345107
-0.00347894
-0.00339927
-0.00364058
-0.00364058
-0.0035984
-0.00373395
-0.00364563
-0.00364563
-0.00361644
-0.00346629
-0.00346629
-0.00362644
-0.00383931
-0.00348653
-0.00348653
-0.00336572
-0.0035072
-0.00353672
-0.00333476
-0.00341806
-0.00365886
-0.0035163
-0.00351542
-0.00356919
-0.00351993
-0.00342709
-0.00339514
-0.00339514
-0.00339514
-0.00353889
-0.00367707
-0.0037242
-0.00372308
-0.00355977
-0.00364846
-0.00379183
-0.00379183
-0.00379183
-0.00411774
-0.00449375
-0.00449375
-0.00449375
-0.00438786
-0.00466068
-0.00457921
-0.00462272
-0.00462272
-0.00443531
-0.00438375
-0.00452247
-0.00456933
-0.00481691
-0.00481691
-0.00491744
-0.00505521
-0.00500862
-0.00500862
-0.00500862
-0.00498537
-0.00508829
-0.00508829
-0.00540329
-0.00540329
-0.00534945
-0.00534945
-0.00534945
-0.0051817
-0.00478497
-0.00476403
-0.00476403
-0.00459793
-0.00470841
-0.00493398
-0.00493398
-0.00499727
-0.00475916
-0.00481935
-0.00481935
-0.00481935
-0.00490172
-0.00547071
-0.00514041
-0.0050067
-0.00530835
-0.00530835
-0.00508919
-0.00490153
-0.00490153
-0.00477736
-0.00493146
-0.00507985
-0.00507985
-0.00517719
-0.00498049
-0.00498049
-0.0049204
-0.0049204
-0.00509033
-0.00544157
-0.00544157
-0.00526379
-0.00504628
-0.00504628
-0.00508761
-0.00506199
-0.00506199
-0.00496099
-0.00501497
-0.00495997
-0.00495997
-0.0048567
-0.00436349
-0.00448936
-0.00434283
-0.00441614
-0.00461848
-0.00461567
-0.00454268
-0.00456328
-0.00456328
-0.00486917
-0.00486917
-0.00478853
-0.00453665
-0.00454396
-0.00460202
-0.00454387
-0.0048159
-0.00510297
-0.00525945
-0.00549754
-0.00549754
-0.00549754
-0.00581839
-0.00586554
-0.00613488
-0.006209
-0.006209
-0.00639104
-0.00621602
-0.00643956
-0.00642363
-0.00642363
-0.00623282
-0.00636796
-0.00601216
-0.00612475
-0.00616179
-0.00616179
-0.00621605
-0.00621605
-0.00631884
-0.00631884
-0.00627194
-0.0063093
-0.0063093
-0.00633662
-0.00601852
-0.00601852
-0.00594695
-0.00585073
-0.00585073
-0.00558344
-0.00537044
-0.00542338
-0.00541939
-0.00541939
-0.00541939
-0.00559466
-0.00532989
-0.00539859
-0.00508262
-0.0051124
-0.0051124
-0.00480056
-0.0048249
-0.00483271
-0.00440951
-0.00453129
-0.00421199
-0.00400607
-0.00416935
-0.00394645
-0.00360628
-0.00356499
-0.00372567
-0.00353089
-0.00343811
-0.00340853
-0.0036897
-0.003547
-0.00367407
-0.00364173
-0.00362811
-0.00375735
-0.00376977
-0.00376977
-0.00376977
-0.00376977
-0.00382066
-0.00397564
-0.00395982
-0.00406155
-0.00405471
-0.00394499
-0.0038369
-0.0038369
-0.0038369
-0.00378868
-0.00399811
-0.00373834
-0.00354053
-0.00384167
-0.00367111
-0.0034278
-0.00343467
-0.00343467
-0.00362348
-0.00391571
-0.00382929
-0.00382929
-0.00382929
-0.00382929
-0.00405088
-0.00384828
-0.00370614
-0.00369947
-0.00376541
-0.00344355
-0.0035296
-0.00332953
-0.00332953
-0.00342021
-0.00350712
-0.00325554
-0.00330228
-0.00298874
-0.00303428
-0.00305371
-0.0030563
-0.00315897
-0.00304526
-0.00300137
-0.00334436
-0.00335461
-0.00351581
-0.00349869
-0.00346096
-0.00346096
-0.00346096
-0.0035094
-0.00358429
-0.00358429
-0.00373886
-0.00381713
-0.00384594
-0.00407097
-0.00398828
-0.00419715
-0.00419715
-0.00419715
-0.00402747
-0.00379841
-0.00379841
-0.00371178
-0.00359538
-0.0034818
-0.00350558
-0.00347016
-0.00341244
-0.00337687
-0.00327243
-0.00327243
-0.00323917
-0.00333248
-0.00329726
-0.00345325
-0.0033906
-0.00308348
-0.00308348
-0.00308348
-0.00314284
-0.0031583
-0.0031583
-0.00317473
-0.00301895
-0.00301895
-0.00311136
-0.00311136
-0.00311136
-0.0029526
-0.00291362
-0.00286316
-0.00293086
-0.00257542
-0.00239903
-0.0022722
-0.00216021
-0.00210439
-0.00195614
-0.0020673
-0.00210645
-0.00203927
-0.00202261
-0.00231006
-0.00255
-0.0023336
-0.00214122
-0.00202283
-0.0019835
-0.00207754
-0.00216294
-0.00226249
-0.0022638
-0.00230148
-0.0024371
-0.00229333
-0.00246996
-0.00248107
-0.00248107
-0.00248107
-0.00232567
-0.0021739
-0.0021739
-0.0021739
-0.0021739
-0.00214182
-0.00214182
-0.00216406
-0.00216725
-0.00216725
-0.0019508
-0.0019508
-0.00193624
-0.00192738
-0.00191232
-0.00169394
-0.00177376
-0.00177376
-0.00177376
-0.00170361
-0.00175094
-0.00179515
-0.00146702
# mean	std	p16	p50	p84
# -0.00160256	0.00197937	-0.003591	-0.00178267	0.00062334
